0
0.0
-336.6397849461064
-628.2795698924456
-526.919354838552
-89.55913978465833
35.80107526900247
454.16129032266326
1082.521505376324
1718.8817204299849
2864.2419354838785
3659.602150537772
4740.962365591433
5711.3225806453265
6703.682795698987
7716.043010752648
8668.403225806542
9197.763440860435
9659.123655914096
10052.483870967757
10359.84408602165
10460.204301075311
10525.564516128972
10736.924731183099
11100.28494623676
11269.64516129042
11688.005376344314
12157.365591397975
12769.725806451635
12985.086021505296
13866.44623655919
15037.806451613083
15854.166666666744
16909.526881720405
18023.8870967743
19326.247311828192
20975.607526881853
22194.967741935514
23516.327956989408
24635.68817204307
25728.048387096962
26977.408602150623
27695.768817204516
28284.129032258177
28533.489247311838
28749.84946236573
28713.209677419392
28380.569892473286
28165.930107526947
27601.290322580608
27385.6505376345
26726.010752688162
26088.370967742056
25820.731182795716
25562.09139784961
24831.45161290327
24624.811827957164
24728.172043010825
28683.532258064486
28319.89247311838
31417.252688172273
31053.612903225934
29958.973118279595
29595.33333333349
29231.69354838715
29301.053763441043
29612.413978494704
30160.774193548597
30885.13440860226
31792.49462365592
32729.854838709813
33901.21505376347
35270.57526881737
36872.93548387103
38692.29569892492
40334.65591397858
42436.01612903224
44381.37634408614
46364.7365591398
48588.09677419369
50661.45698924735
52680.817204301246
54715.177419354906
56572.53763440857
58285.89784946246
60235.258064516354
62176.618279570015
63900.978494623676
65665.33870967757
67165.69892473146
68809.05913978512
70317.41935483878
71517.77956989268
72862.1397849461
73809.5
74910.8602150539
75824.22043010779
76400.58064516122
77049.94086021511
77479.301075269
78038.6612903229
78600.02150537632
79362.38172043022
80249.74193548411
81108.10215053777
82330.46236559143
83655.82258064533
85035.18279569922
86455.54301075265
87812.90322580654
89314.26344086044
90477.6236559141
91460.98387096776
92268.34408602165
93036.70430107531
93900.06451612897
94548.42473118287
95169.78494623653
95496.14516129042
95899.50537634408
96349.86559139797
97121.22580645187
97745.58602150553
98611.94623655919
99408.30645161308
100052.66666666674
100942.02688172064
101576.3870967743
102075.74731182819
102906.10752688185
103308.46774193551
104113.82795698941
104730.18817204307
105594.54838709673
106584.90860215062
107525.26881720428
109044.62903225818
110454.98924731184
111989.34946236573
113943.70967741939
115525.06989247329
117263.43010752695
118821.79032258084
120351.1505376345
121957.51075268816
123505.87096774206
125353.23118279595
126785.59139784961
128404.95161290327
130053.31182795716
131247.67204301083
132652.0322580645
134017.39247311838
135236.75268817227
136455.11290322593
137007.4731182796
137601.83333333326
138045.19354838715
137706.5537634408
136369.9139784947
134345.27419354836
131719.63440860226
127976.99462365615
123298.35483870981
117567.7150537637
111402.07526881737
104555.43548387103
97150.79569892492
89227.15591397858
81048.51612903248
73000.87634408614
65086.23655914003
57479.59677419369
50230.95698924735
43097.31720430101
36743.677419354906
30671.037634408567
25219.39784946246
20416.758064516354
16209.118279570015
12495.478494623676
9190.838709677337
6565.19892473123
4884.559139785124
3026.919354838785
1685.2795698924456
0.0
-78.98461538460106
-1.9692307689692825
373.04615384619683
1047.061538461363
1810.0769230769947
2536.0923076923937
3586.10769230756
4568.123076923192
5813.1384615385905
6941.153846153757
8266.169230769156
9500.184615384554
10656.199999999953
11732.215384615585
12778.230769230984
13645.246153845917
14352.26153846155
14679.276923076948
15287.292307692347
15337.307692307746
15880.323076923145
16627.33846153831
17269.353846153943
17984.36923076911
18653.38461538474
19617.399999999907
20778.41538461554
22184.430769230705
23582.446153846104
25325.461538461503
27096.4769230769
29060.4923076923
30944.5076923077
32852.5230769231
34503.5384615385
36490.553846153896
38226.569230769295
39977.584615384694
41695.60000000009
43375.61538461526
45104.63076923089
46490.64615384606
47792.66153846169
48986.676923076855
50091.69230769249
51020.70769230765
51991.72307692305
53171.73846153845
53825.75384615385
54255.76923076925
54515.78461538465
54786.799999999814
54946.815384615446
54647.83076923061
54731.84615384624
58990.86153846141
60077.87692307704
59861.89230769221
58836.907692307606
62079.923076923005
61863.938461538404
61997.9538461538
61781.9692307692
64441.9846153846
63915.0
64672.0153846154
65236.0307692308
66096.0461538462
66898.0615384616
68068.076923077
69489.0923076924
70753.10769230779
72447.12307692319
74102.13846153836
76026.15384615399
77829.16923076939
79770.18461538455
81858.19999999995
83905.21538461535
86024.23076923075
88171.24615384638
90387.26153846155
92538.27692307695
94671.29230769235
96743.30769230775
98659.32307692291
100651.33846153854
102705.35384615394
104215.36923076911
105988.38461538451
107633.3999999999
109208.4153846153
110990.4307692307
112842.4461538461
114488.4615384615
116354.4769230769
117968.4923076923
119604.5076923077
120996.5230769231
122361.5384615385
123574.5538461539
124616.5692307693
125454.5846153847
126456.6000000001
127587.61538461549
128514.63076923089
129612.64615384629
130567.66153846169
131866.6769230771
133220.69230769225
134595.7076923079
136302.72307692305
137692.73846153845
139108.75384615408
140592.76923076925
141817.78461538465
143427.80000000005
145043.8153846152
146857.83076923084
148389.84615384624
149988.8615384614
151584.87692307704
152822.8923076922
153831.9076923076
154711.92307692324
155493.9384615384
156160.9538461538
156898.9692307692
157213.9846153846
157843.0
158458.0153846154
158803.0307692308
159536.0461538462
160191.0615384616
160810.076923077
161823.0923076924
162814.10769230756
164003.1230769232
164764.1384615386
165744.15384615376
166877.1692307694
168157.18461538455
169540.19999999995
170893.21538461559
172253.23076923075
173187.24615384615
174295.26153846155
175908.27692307672
176703.29230769235
177391.30769230775
178081.32307692314
178656.33846153854
179179.3538461537
179886.36923076934
180253.3846153845
180669.3999999999
180705.41538461554
180920.4307692307
180197.4461538461
179534.4615384615
178370.4769230769
176277.4923076923
173533.5076923077
169510.5230769231
164560.5384615385
159005.5538461539
152248.56923076906
144931.5846153847
136836.6000000001
127939.61538461549
118268.63076923089
108455.64615384606
99028.66153846146
89448.67692307709
79933.69230769249
71112.70769230765
62568.72307692305
54542.73846153845
47364.75384615385
40394.76923076925
34287.78461538465
28695.800000000047
23560.815384615446
19143.83076923061
15123.84615384601
11585.86153846141
8770.876923077041
6598.89230769244
4627.907692307606
3110.9230769230053
2164.938461538404
1425.9538461538032
825.969230769435
0.0
293.3650793649722
827.7301587301772
1100.0952380951494
2098.4603174603544
3018.8253968253266
3397.190476190299
3740.555555555504
4272.920634920709
4761.285714285681
5348.650793650653
5772.015873015858
6168.380952381063
6786.746031746035
7212.111111111008
7982.476190476213
8550.841269841418
9176.206349206157
9577.571428571362
10442.936507936567
11029.30158730154
11937.666666666744
13033.031746031716
14315.396825396689
15531.761904761894
17014.126984126866
18333.492063491838
19651.857142857043
20838.222222222248
21573.58730158722
22680.952380952425
23591.317460317397
24491.682539682603
25260.047619047575
25882.412698412547
26606.777777777752
27191.142857142724
27754.50793650793
28348.8730158729
28905.238095238106
29241.60317460331
29546.968253968284
29750.333333333256
29833.698412698228
29957.063492063433
30112.428571428405
30355.793650793377
30586.158730158582
30766.523809523787
31138.888888888992
31252.25396825373
31287.619047618937
31639.98412698414
31996.349206349114
35898.714285714086
41709.07936507929
41863.444444444496
42017.80952380947
41403.17460317444
41557.539682539646
40927.90476190485
41082.26984126982
41831.634920634795
42961.0
44226.36507936497
45518.730158729944
47123.09523809515
48647.460317460354
50131.82539682556
51842.1904761903
53355.555555555504
55240.92063492071
57018.28571428568
58838.65079365065
60770.01587301586
62724.38095238083
64708.746031746035
66811.11111111101
69299.47619047598
72048.84126984118
74324.20634920639
76630.57142857136
79084.93650793657
80945.30158730154
82901.66666666651
85261.03174603172
87135.39682539669
88871.7619047619
90390.12698412687
92143.49206349207
93960.85714285704
95699.22222222225
97184.58730158722
98776.95238095243
100259.31746031716
101492.68253968237
102841.04761904757
104118.41269841278
105609.77777777775
107060.14285714272
108623.50793650793
110093.87301587313
111468.23809523787
112661.60317460308
114549.96825396828
116442.33333333349
117803.69841269823
119374.06349206343
121129.4285714284
123164.79365079361
125381.15873015858
127313.52380952379
129400.88888888899
131563.25396825396
133397.61904761894
135516.9841269839
137303.3492063491
139198.7142857141
140905.0793650793
142458.4444444445
143666.80952380947
144881.17460317467
145778.53968253965
146291.90476190462
147006.2698412696
147526.63492063503
147908.0
148600.36507936497
149170.73015873018
149498.09523809515
150270.46031746035
151364.82539682533
152119.1904761903
153113.5555555555
153917.9206349207
154873.28571428568
156253.65079365065
157543.01587301586
158977.38095238083
160421.7460317458
161799.111111111
163171.4761904762
164361.84126984118
165440.20634920616
166398.57142857136
167387.93650793657
168296.30158730154
169632.6666666665
170571.03174603172
171807.39682539692
172945.7619047619
174094.12698412687
175274.49206349207
176622.85714285704
177992.22222222202
178887.58730158722
179936.95238095243
180668.3174603174
180563.68253968237
179473.04761904757
177519.41269841255
174410.77777777775
170399.14285714272
164980.5079365077
158212.8730158729
150306.2380952381
141498.60317460308
132022.96825396805
121712.33333333326
111081.69841269846
100015.06349206343
89206.4285714284
78528.79365079361
68283.15873015882
58420.52380952379
49213.88888888876
40605.253968253965
33034.61904761894
26306.98412698391
20390.349206349114
15331.714285714319
11253.079365079291
8252.444444444496
5443.809523809468
3341.1746031744406
1706.5396825396456
869.9047619048506
308.2698412698228
0.0
457.064516129205
1004.1290322581772
1860.1935483871493
2683.2580645161215
3551.3225806453265
4574.387096774299
5202.451612903271
5861.516129032243
6429.580645161448
7198.64516129042
7534.709677419392
7899.774193548365
8198.838709677337
8440.903225806542
8594.967741935514
8632.032258064719
8670.096774193691
8805.161290322663
9061.225806451635
9210.29032258084
9713.354838709813
10306.419354838785
11206.48387096799
12232.548387096962
13432.612903225934
15064.67741935514
16661.74193548388
18639.80645161285
20279.870967742056
22215.935483871028
24188.0
25817.064516129205
27614.129032258177
29295.19354838715
31106.258064516354
32752.322580645327
34336.3870967743
35671.45161290327
36873.51612903224
37889.58064516145
38691.64516129042
39221.70967741939
39663.7741935486
40166.83870967757
40658.90322580654
40651.967741935514
40598.032258064486
40415.09677419346
39955.16129032266
39107.225806451635
37843.29032258084
36783.35483870981
35709.419354838785
34528.48387096776
33283.54838709673
32263.612903225934
31389.677419354906
31701.74193548388
33223.80645161308
33535.870967742056
33847.93548387103
35385.00000000023
35697.064516129205
36009.12903225818
43009.19354838738
41675.258064516354
42305.32258064533
43900.3870967743
46037.45161290327
47739.51612903224
49862.58064516145
51713.64516129042
53408.70967741939
55130.774193548365
56810.83870967757
58496.90322580654
59795.967741935514
61535.03225806472
63135.09677419369
64704.16129032266
66628.22580645187
68490.29032258084
70310.35483870981
72333.41935483878
74409.48387096776
76776.54838709696
79058.61290322593
81410.6774193549
83547.74193548411
85561.80645161308
87766.87096774206
89405.93548387103
90717.0
92380.06451612897
94125.12903225794
95151.19354838692
96223.25806451635
97044.32258064533
97538.3870967743
98108.45161290327
98737.51612903224
99218.58064516145
99787.64516129042
100411.70967741963
100992.7741935486
101653.83870967757
102403.90322580654
103369.96774193551
104270.03225806449
105335.09677419369
106286.16129032266
107335.22580645164
108630.29032258084
109714.35483870981
110760.41935483878
112008.48387096776
113102.54838709673
114185.61290322593
115168.6774193549
116414.74193548411
117775.80645161308
119037.87096774206
120250.93548387103
121241.00000000023
122438.0645161292
123569.12903225818
124526.19354838715
125571.25806451612
126276.3225806451
127354.3870967743
128230.45161290327
129178.51612903224
130205.58064516122
131186.64516129042
132284.7096774194
133178.77419354836
134044.83870967757
135036.90322580654
136052.9677419355
136997.03225806472
138170.0967741937
139400.1612903229
140681.22580645187
142078.29032258084
143223.3548387098
144711.41935483878
146187.48387096776
147553.54838709673
149361.61290322593
151258.6774193549
153310.7419354841
155096.80645161308
157200.87096774206
158990.93548387103
160180.0
160735.0645161292
160787.12903225818
159479.19354838715
157260.25806451612
153638.32258064533
148930.3870967743
143004.45161290327
135982.51612903224
127992.58064516122
119264.64516129042
109851.70967741963
99898.7741935486
89907.83870967757
79563.90322580654
69524.96774193551
59876.03225806472
50869.09677419369
42509.16129032266
34889.225806451635
28168.290322580608
22204.35483870958
17146.419354838785
12926.483870967757
9397.54838709673
6493.612903225934
4252.677419354906
2274.7419354838785
1101.8064516130835
274.87096774205565
0.0
140.39673913037404
612.7934782607481
1294.1902173911221
2221.586956521729
3535.983695652336
4979.380434782477
6404.777173912851
7872.173913043458
8964.570652174065
10373.967391304206
11781.364130434813
13478.760869565187
14578.157608695794
15443.554347825935
16132.951086956542
16754.347826086916
17475.74456521729
18140.141304347664
18666.53804347827
19590.934782608645
20276.331521739252
21253.728260869626
22383.125
23624.521739130374
24818.918478260748
25863.315217391122
27277.71195652173
28468.108695652103
29679.50543478271
30654.902173913084
31643.298913043458
32568.695652173832
33334.092391304206
34132.48913043481
34985.88586956519
35240.282608695794
36023.67934782617
36887.07608695654
37497.472826086916
37770.86956521729
38115.2663043479
38466.66304347827
38598.059782608645
38758.45652173902
38561.853260869626
38530.25
38158.646739130374
38041.04347826075
37894.44021739112
37686.83695652173
37477.2336956521
37394.63043478248
37023.027173913084
36807.42391304346
36433.82065217383
36041.217391304206
38028.61413043458
38825.01086956519
38907.407608695794
38989.80434782617
41890.20108695654
41972.597826086916
42153.99456521729
42236.3913043479
38444.78804347827
42926.184782608645
45587.58152173902
47915.978260869626
50188.375
52550.771739130374
54822.16847826075
57408.565217391355
59829.96195652173
62317.3586956521
64973.75543478248
67435.15217391308
69767.54891304346
72186.94565217383
74528.3423913042
76727.73913043458
79023.13586956519
80982.5326086958
83079.92934782617
85277.32608695654
87268.72282608692
89353.11956521729
91484.5163043479
93541.91304347827
95396.30978260841
97179.70652173902
98919.10326086963
100716.5
102220.89673913037
103568.29347826075
105022.69021739112
106474.08695652173
107726.4836956521
108926.88043478271
110392.27717391308
111513.67391304346
112970.07065217383
114219.4673913042
115803.86413043481
117510.26086956495
119364.65760869556
121176.05434782617
123094.45108695654
124750.84782608692
126512.24456521729
128026.6413043479
129558.03804347827
131235.43478260865
132644.83152173925
134052.2282608694
135005.625
136017.02173913037
137081.41847826075
137717.81521739112
138259.21195652173
138816.6086956521
138968.0054347827
139020.40217391308
139206.79891304346
139053.19565217383
138838.5923913042
138492.9891304348
138194.3858695652
138267.7826086958
138439.17934782617
138683.57608695654
139155.97282608692
139652.3695652173
140566.7663043479
141611.16304347827
142665.55978260865
144131.95652173925
145436.3532608694
147456.75
149056.14673913037
150653.54347826075
152284.94021739112
153973.33695652173
155868.7336956521
157557.13043478248
159251.52717391308
160523.92391304346
161600.32065217383
162581.71739130444
163344.1141304348
163857.5108695652
163952.90760869556
163794.30434782617
162722.70108695654
161031.09782608692
158343.4945652173
154417.8913043479
149595.28804347827
143714.6847826084
136704.08152173902
129204.47826086963
120691.875
111402.27173913037
101924.66847826075
92549.06521739112
82727.46195652173
73260.85869565234
64016.25543478248
55128.652173913084
47126.04891304346
39404.445652174065
32762.842391304206
26493.239130434813
20931.635869565187
16078.032608695794
11761.429347825935
8454.826086956542
5689.222826086916
3666.61956521729
2069.016304347664
833.413043478271
382.8097826084122
50.20652173901908
0.0
-489.56756756757386
-849.1351351351477
-1136.7027027027216
-1739.2702702700626
-1875.8378378378693
-1718.4054054054432
-2028.972972973017
-2173.540540540591
-2188.1081081081647
-2405.6756756757386
-2783.2432432430796
-2915.8108108106535
-3041.37837837846
-3308.945945946034
-3692.513513513375
-4045.0810810811818
-4509.648648648523
-5209.2162162163295
-5905.7837837836705
-6394.351351351244
-6873.918918918818
-7248.486486486392
-7336.054054053966
-6902.62162162154
-6778.189189189114
-6072.7567567566875
-5298.324324324261
-4415.891891891835
-3342.459459459409
-2914.027027026983
-1903.5945945945568
-1045.1621621621307
-501.72972972970456
23.70270270272158
652.1351351351477
1110.5675675678067
1478.0
1878.432432432659
2108.864864865085
2263.2972972972784
2178.7297297297046
2078.1621621621307
1662.5945945947897
1115.0270270272158
532.4594594594091
24.891891892068088
-771.6756756755058
-1469.2432432430796
-2483.8108108108863
-3530.3783783782274
-4478.945945945801
-5467.513513513375
-6373.081081081182
-7253.648648648523
-7745.216216216097
-8247.78378378367
-6876.351351351477
-6682.918918918818
-7274.486486486392
-10063.054054053966
-7397.621621621773
-7989.189189189114
-8086.7567567566875
-8678.324324324261
-8274.891891891835
-7792.459459459409
-7244.027027026983
-6473.594594594557
-5587.162162162131
-4771.729729729705
-3583.2972972972784
-2573.8648648648523
0.0
2608.7542372881435
5173.508474576287
7690.2627118644305
10134.016949152341
12375.771186440717
14821.525423728861
16878.279661017004
19092.033898305148
21009.78813559329
22989.542372881202
24703.296610169346
26360.050847457722
28031.805084745632
29469.559322033776
30968.313559322152
32248.067796610296
33619.82203389844
35152.57627118635
36461.33050847449
38065.08474576264
39249.83898305078
40921.59322033916
42529.34745762707
44215.10169491521
46227.855932203354
48165.6101694915
50408.36440677964
52511.118644067785
54689.87288135593
57052.62711864407
59520.38135593245
62060.135593220126
64065.8898305085
65843.64406779665
67545.39830508456
68934.15254237293
70239.90677966084
71284.66101694899
72402.41525423713
73578.1694915255
74463.92372881365
75595.67796610156
76712.4322033897
77998.18644067785
79230.94067796599
80361.69491525413
81624.44915254228
82945.20338983042
84521.95762711857
86049.71186440671
87648.46610169508
89241.220338983
90921.97457627114
92496.72881355928
94468.48305084743
95867.23728813557
97895.99152542371
100070.74576271186
101577.5
103285.25423728814
105013.00847457629
106747.76271186443
108452.51694915257
110379.27118644072
112340.02542372886
114205.77966101677
116320.53389830515
118438.28813559329
120328.04237288143
122495.79661016958
124652.55084745772
127043.30508474587
129513.05932203401
131890.81355932192
134268.56779661006
136541.3220338982
138920.07627118658
140880.8305084745
143055.58474576287
145061.33898305078
147253.09322033892
148772.84745762707
150922.6016949152
153374.35593220335
155028.1101694915
157065.86440677964
158292.61864406802
158927.37288135593
159009.12711864407
158322.88135593222
156457.63559322036
153328.3898305085
149155.14406779665
143865.8983050848
137585.65254237293
129836.40677966108
121225.16101694922
111740.91525423736
101668.6694915255
91257.42372881365
80386.1779661018
69956.93220338994
59723.68644067785
50317.44067796599
41247.194915254135
33287.94915254251
26263.703389830654
19791.457627118798
14868.211864406709
10583.966101694852
7183.720338982996
4568.474576271139
2640.2288135592826
1130.983050847426
389.73728813556954
-371.50847457605414
0.0
225.92783505143598
411.8556701031048
1200.7835051545408
1980.7113402059767
3010.6391752578784
4174.567010309314
5515.494845360983
6905.422680412419
8044.350515463855
9330.278350515291
10283.20618556696
11195.134020618396
11678.061855670065
11865.989690721733
11930.91752577317
11514.845360824838
11276.773195876274
10723.70103092771
10268.628865979379
9716.556701030815
9626.484536082251
9667.41237113392
9959.340206185589
10797.268041237257
11654.195876288693
13036.123711340362
14559.051546391565
15980.979381443234
17570.90721649467
18687.83505154634
19971.762886597775
21040.690721649444
22090.61855670088
23011.54639175255
23742.474226803984
24454.402061855653
25166.329896907322
25860.257731958758
26558.185567010194
27154.11340206163
27943.0412371133
29039.969072164968
29739.896907216404
30221.824742268072
30530.75257731951
31111.680412371177
31395.608247422613
31544.536082474282
31424.463917525718
31286.391752577387
30963.319587628823
30637.24742268026
30077.175257731928
29479.103092783596
28826.030927835032
28128.9587628867
24969.886597937904
25481.814432989573
25417.742268041242
25720.670103092678
25656.597938144347
20867.525773196016
20803.45360824745
20739.381443298887
26176.309278350556
27416.237113401992
29199.16494845366
30507.092783505097
32163.020618556766
34231.9484536082
36645.87628865987
38951.80412371131
41651.731958762975
44297.65979381441
46644.58762886608
49138.515463917516
51632.44329896895
53838.37113402062
55896.29896907229
58196.226804123726
59901.154639175395
61704.08247422683
63460.0103092785
65175.938144329935
66993.86597938137
68449.7938144328
70112.72164948471
71355.64948453614
72869.57731958758
74388.50515463925
75280.43298969092
76857.36082474235
78348.28865979379
79596.21649484523
80835.14432989666
82055.07216494856
83461.0
84685.92783505144
86097.85567010287
87468.78350515454
88857.71134020621
90364.63917525765
91866.56701030908
93330.49484536075
95329.42268041242
97144.35051546386
99100.27835051552
100858.2061855672
102717.13402061863
104609.06185567006
106435.9896907215
108107.91752577317
109822.84536082484
111527.77319587627
113188.70103092771
114542.62886597938
115806.55670103082
117184.48453608248
118786.41237113392
119905.34020618559
121238.26804123702
122270.1958762887
122994.12371134013
123895.0515463918
124863.97938144347
125619.9072164949
126113.83505154634
126926.76288659801
127642.69072164944
128119.61855670088
128705.54639175255
129302.47422680398
129769.40206185565
130570.32989690732
131187.25773195876
132367.1855670102
133297.11340206163
134265.04123711353
135156.96907216497
136416.8969072164
137380.82474226807
138386.7525773195
139659.68041237118
140743.6082474226
141846.53608247428
143083.46391752572
144353.3917525774
145457.31958762882
146671.24742268026
147739.17525773193
148736.1030927836
150077.03092783503
151141.95876288647
152444.8865979379
153806.81443298957
154971.74226804124
156236.6701030929
157530.59793814435
158894.52577319578
160087.45360824745
161046.3814432989
161751.30927835056
161850.237113402
161317.16494845366
160039.0927835051
157528.02061855677
154182.9484536082
149556.87628865987
143618.8041237113
136956.73195876274
129020.65979381441
120339.58762886585
110889.51546391752
101089.44329896918
91204.37113402062
81278.29896907229
71505.22680412373
62133.15463917516
53281.08247422683
45034.0103092785
37391.938144329935
30598.865979381604
24458.79381443304
19179.721649484476
14540.649484536145
10861.57731958758
7797.505154639017
5483.432989690686
3464.3608247421216
1870.2886597937904
1126.2164948452264
549.1443298968952
0.0
-463.12727272720076
-481.25454545463435
-958.3818181818351
-1536.5090909092687
-2242.6363636362366
-2769.7636363636702
-3112.890909090871
-3706.0181818183046
-4359.145454545505
-4787.272727272939
-5492.40000000014
-6060.5272727273405
-6599.654545454774
-7230.781818181975
-7914.909090909176
-8473.036363636376
-9212.163636363577
-10055.29090909101
-10706.418181818211
-10980.545454545412
-11297.672727272846
-11297.800000000047
-11246.927272727247
-10797.054545454681
-10285.181818181882
-9866.309090909082
-8712.436363636516
-7321.563636363717
-6339.690909090918
-4974.818181818351
-3623.945454545552
-2276.0727272727527
-737.2000000001863
664.672727272613
2040.5454545454122
3414.4181818182115
4660.290909090778
5688.163636363577
6486.036363636376
7098.909090909176
7540.781818181742
7439.654545454308
7045.527272727108
6440.399999999907
6063.272727272706
5297.145454545505
4762.018181818072
4042.890909090871
3250.7636363636702
2582.6363636362366
1791.5090909090359
1111.3818181818351
741.2545454546344
0.0
228.78494623675942
7569.569892473286
7335.354838709813
11433.139784946572
11198.924731182866
10789.709677419392
10555.494623655919
6207.279569892446
6690.064516128972
10919.849462365499
13265.634408602258
15075.419354838785
16879.20430107531
18453.989247311838
20111.774193548365
21508.55913978489
22890.344086021418
24236.129032258177
25714.913978494704
26687.69892473123
28050.48387096799
29451.268817204516
30630.053763441043
31955.83870967757
33474.623655914096
35000.40860215062
36526.19354838715
37926.978494623676
39406.7634408602
41226.54838709673
42522.333333333256
44104.11827956978
45409.90322580654
46964.68817204307
48655.473118279595
50250.258064516354
51866.04301075288
53513.82795698941
55162.612903225934
56820.39784946246
58364.18279569899
59707.967741935514
60811.75268817227
62029.5376344088
62728.32258064533
63832.10752688185
64806.89247311838
65740.6774193549
66711.46236559143
67844.24731182796
68801.03225806449
70205.81720430125
71370.60215053754
72609.3870967743
73886.17204301083
75211.95698924735
76714.74193548411
77859.5268817204
79266.31182795716
80549.09677419369
81460.88172043022
82704.66666666674
83618.45161290327
84294.23655914003
85243.02150537656
85868.80645161308
86669.59139784961
87360.37634408614
87984.16129032266
89152.94623655919
90142.73118279572
91604.51612903224
93163.301075269
94426.0860215053
95849.87096774206
97028.65591397858
98307.44086021511
99509.22580645164
101094.01075268816
102520.79569892492
104074.58064516145
105344.36559139797
106928.1505376345
108429.93548387103
110057.72043010779
111693.50537634408
113413.29032258084
115095.07526881737
116396.8602150539
117990.64516129019
118993.43010752695
120313.21505376347
121298.0
122094.78494623676
123140.56989247305
123639.35483870981
123707.13978494634
123846.92473118287
123617.70967741939
122287.49462365592
120313.27956989268
117425.06451612897
113508.84946236573
108773.63440860249
103155.41935483878
96909.20430107531
89960.98924731184
82651.7741935486
75052.55913978489
67502.34408602165
60137.12903225818
53032.913978494704
46204.69892473123
39940.48387096776
34480.26881720428
29537.05376344081
25016.83870967757
20915.623655914096
17814.408602150623
15027.19354838715
12634.978494623676
10642.763440860435
8606.548387096962
7099.333333333489
6052.118279570015
4671.903225806542
3637.6881720430683
3042.473118279595
2614.2580645163544
2433.043010752648
2155.8279569894075
2120.6129032257013
2186.3978494624607
2249.1827956989873
2256.967741935514
2022.7526881720405
1909.537634408567
1936.3225806453265
1452.1075268818531
964.8924731183797
140.6774193549063
-730.5376344085671
-1919.7526881718077
-3213.967741935514
-4448.1827956987545
-5953.397849462228
-7272.612903225701
-8669.827956989175
-10105.043010752648
-11023.258064515889
-11719.473118279362
-12053.688172042836
-12133.903225806542
-11583.118279569782
-11148.333333333256
-10212.54838709673
-9120.763440860203
-7994.978494623676
-6932.1935483869165
-5723.40860215039
-4348.623655913863
-3120.8387096773367
-2124.0537634405773
-1091.2688172040507
-211.48387096775696
487.30107526900247
1100.086021505529
1304.8709677420557
1476.6559139785822
1214.4408602151088
698.2258064516354
428.01075268816203
115.79569892468862
-137.41935483855195
-716.6344086020254
-884.8494623654988
-1195.0645161289722
-1606.2795698924456
-1840.494623655919
-2020.7096774193924
-2135.924731182866
-1728.1397849461064
-1489.3548387095798
-1096.5698924730532
0.0
115.87931034481153
9695.758620689623
8982.637931034435
11531.517241379479
10818.39655172429
11314.27586206887
10601.155172413914
9888.034482758725
13271.913793103304
12779.793103448115
13557.672413792927
14302.551724137738
15632.431034482783
16498.310344827594
17427.189655172406
18524.068965517217
19731.94827586203
21005.82758620684
22385.706896551652
23366.586206896463
24761.465517241275
26119.34482758632
27168.22413793113
28363.103448275942
29526.982758620754
30649.862068965333
32013.741379310377
33352.62068965519
34572.5
36258.37931034481
37630.25862068962
39369.137931034435
40975.017241379246
42421.89655172406
44202.77586206887
46022.65517241368
47817.53448275849
49914.413793103304
52513.29310344835
54440.17241379316
56257.05172413797
58480.93103448255
60539.810344827594
62468.689655172406
64574.56896551745
66851.44827586226
68874.32758620684
70823.20689655165
72581.08620689646
74169.96551724151
75519.84482758632
76585.7241379309
77673.60344827594
78382.48275862075
78961.36206896557
79359.24137931038
79856.12068965519
80607.0
81323.87931034481
82376.75862068962
83249.63793103443
84264.51724137925
84937.39655172406
85644.27586206887
86695.15517241368
87368.03448275849
87987.9137931033
88959.79310344835
89517.67241379293
90542.55172413774
91649.43103448278
92754.3103448276
94116.1896551724
95599.06896551722
97169.94827586203
98496.82758620684
100146.70689655188
101517.5862068967
102705.46551724127
103839.34482758609
105039.2241379309
106165.10344827594
107370.98275862075
108216.86206896557
109584.74137931038
110797.62068965519
112051.5
113179.37931034481
113637.25862068962
114090.13793103443
113803.01724137925
112336.89655172406
110303.77586206887
107296.65517241368
103325.53448275849
98471.41379310354
92933.29310344835
86821.17241379316
80234.05172413797
73168.93103448255
65880.8103448276
58464.689655172406
51304.56896551722
44250.44827586203
37896.32758620684
31836.206896551652
26374.086206896463
21291.965517241508
16829.844827586086
12915.72413793113
9323.603448275942
6339.482758620754
3610.3620689655654
1182.241379310377
-963.8793103448115
-2607.0
-4124.1206896551885
-5477.241379310377
-6717.362068965565
-7703.482758620521
-8511.603448275942
-9284.72413793113
-9598.84482758632
-10203.965517241508
-10314.086206896696
-10493.206896551652
-10513.327586207073
-10398.448275862029
-10110.568965516984
-9689.689655172406
-9376.810344827594
-9245.931034483016
-8801.051724137971
-8543.17241379316
-8180.293103448348
-7885.413793103537
-7821.534482758725
-7821.6551724139135
-8072.775862068869
-8319.896551724058
-8560.017241379479
-8822.137931034435
-9338.258620689623
-9593.379310344812
-9627.5
-9667.620689655188
-9173.741379310377
-8495.862068965565
-7731.982758620754
-6648.103448275942
-5614.224137930898
-4283.3448275860865
-2957.4655172415078
-1734.5862068964634
-293.7068965517683
722.1724137930432
1764.0517241379712
2630.9310344827827
3247.810344827478
3514.6896551724058
3921.5689655173337
3919.448275862029
3695.3275862068404
3597.206896551652
3285.08620689658
2508.965517241275
2250.844827586203
2121.724137930898
1331.603448275826
825.4827586207539
428.362068965449
266.24137931037694
0.0
899.8764367816038
11196.752873563208
11124.629310344928
12518.505747126415
12446.38218390802
12164.258620689623
9907.135057471227
9835.011494252947
13434.887931034551
15647.764367816038
17299.640804597642
18611.517241379246
19800.393678160966
20899.27011494257
21899.146551724174
23423.02298850566
24913.89942528738
26298.775862068986
28006.65229885059
29681.528735632193
31643.405172413797
33283.2816091954
35235.158045977005
37058.03448275861
38862.91091954021
40787.78735632193
42577.66379310354
44388.540229885024
46307.41666666663
48224.29310344823
50454.16954022995
52546.045977011556
54552.92241379316
56621.79885057476
58613.67528735637
60345.55172413797
61932.428160919575
63369.30459770118
64774.18103448278
66302.05747126439
67636.93390804599
69180.8103448276
70727.6867816092
72284.56321839092
73975.4396551724
75745.31609195401
77478.19252873561
79261.06896551722
80983.94540229882
82739.82183908042
84564.69827586203
86442.57471264363
88387.45114942524
90163.32758620684
91924.20402298844
93609.08045977005
95374.95689655165
97309.83333333337
98981.70977011498
100548.58620689646
102143.46264367807
103420.33908045967
104479.21551724139
105410.091954023
106322.9683908046
107164.84482758609
107796.7212643678
108792.59770114941
109586.47413793101
110406.35057471262
111293.22701149422
112249.10344827583
113156.97988505743
113745.85632183903
114375.73275862064
115069.60919540224
115569.48563218396
116175.36206896545
116663.23850574705
117538.11494252866
118396.99137931038
119309.86781609198
120367.74425287358
121462.62068965507
122653.49712643668
123820.3735632184
125118.25
126489.1264367816
127753.00287356321
128453.87931034493
129380.75574712642
130295.63218390802
131314.50862068962
132530.38505747123
133448.26149425283
134326.13793103455
135429.01436781604
136411.89080459764
137014.76724137936
137235.64367816085
137109.52011494257
136023.39655172406
134181.27298850566
131606.14942528727
127936.02586206887
123560.90229885059
118263.77873563208
112447.65517241391
105860.53160919528
98909.408045977
91608.28448275849
84110.1609195401
76763.03735632193
69228.91379310354
61989.790229885024
55151.66666666651
48754.543103448115
42415.41954022995
37206.295977011556
32619.17241379316
28178.048850574763
24295.925287356367
20873.80172413797
17826.678160919575
15323.554597701179
13015.431034482783
11256.307471264387
9842.18390804599
8945.060344827594
8334.936781609198
8092.813218390802
8023.689655172406
8178.56609195401
8454.442528735497
8979.318965517217
9394.195402298821
9775.071839080425
9947.948275862029
9998.824712643633
9955.701149425237
10057.57758620684
10236.454022988444
10344.330459770048
10078.206896551652
10453.083333333489
10760.959770114976
10829.836206896463
10865.712643678067
11048.589080459671
11122.465517241391
11373.341954022995
11587.218390804715
11988.094827586086
12086.971264367923
12589.84770114941
13248.72413793113
14007.600574712618
15009.477011494222
16352.353448275826
17831.22988505743
19109.10632183915
20393.982758620637
21784.859195402358
23081.73563218396
24403.61206896545
26002.488505747053
27471.364942528657
29063.241379310377
30517.11781609198
31862.994252873585
33335.87068965507
34656.74712643679
35856.623563218396
36762.5
37775.376436781604
38524.25287356321
39403.12931034481
39894.005747126415
40376.88218390802
40512.75862068962
40743.63505747123
40494.51149425283
40448.387931034435
40205.26436781604
40031.14080459764
39530.017241379246
39385.89367816097
39243.770114942454
44479.64655172406
44407.52298850566
44335.39942528738
46589.275862068986
46517.15229885059
47252.02873563231
47179.90517241368
47107.78160919552
48282.65804597712
49875.53448275861
51410.410919540096
53178.2873563217
55204.16379310354
56846.04022988514
58818.916666666744
60749.793103448115
62469.66954022972
64438.545977011556
65946.42241379316
67600.29885057465
69310.17528735625
71083.05172413785
72863.92816091958
74488.80459770118
76290.68103448267
77812.55747126427
79257.43390804599
80584.3103448276
81812.1867816092
83163.0632183908
84134.9396551724
85410.81609195401
86698.69252873561
87718.56896551722
88667.44540229882
89965.32183908042
91390.19827586215
92867.07471264375
94367.95114942524
96103.82758620684
97761.70402298844
99487.58045977016
101313.45689655165
103073.33333333326
104836.20977011486
106463.08620689646
108112.9626436783
109138.83908045967
110099.71551724127
111142.59195402288
112228.46839080448
113236.34482758632
114209.22126436769
115015.09770114941
115684.97413793101
116517.8505747125
116998.72701149422
118231.60344827583
119331.47988505755
120122.35632183903
121051.23275862075
122205.10919540236
123447.98563218396
124614.86206896557
125958.73850574717
127432.61494252877
128773.49137931038
130064.36781609198
131313.24425287358
132651.1206896552
133663.9971264368
134754.8735632184
135902.75
137060.6264367816
138338.5028735631
139496.3793103448
140568.25574712642
141518.13218390802
142254.00862068962
142939.8850574711
143306.76149425283
143637.63793103443
143576.51436781615
143854.39080459764
144225.26724137925
144393.14367816097
144462.02011494257
145050.89655172417
145511.77298850566
146080.64942528738
146473.525862069
147035.4022988506
147961.2787356322
148603.15517241368
149642.0316091954
150792.908045977
151890.78448275873
153109.6609195401
154008.5373563217
154880.41379310354
155338.29022988514
155617.16666666674
155567.04310344823
155064.91954022984
154404.79597701156
152557.67241379316
150447.54885057465
147408.42528735625
143496.30172413785
139240.17816091958
134359.05459770118
128748.93103448267
122475.80747126427
115329.68390804599
108198.5603448276
100443.43678160931
92359.3132183908
84417.1896551724
76772.06609195413
69327.94252873573
62290.81896551722
55648.69540229882
49495.571839080425
43706.448275862145
38540.32471264375
33787.20114942524
29415.07758620684
25388.954022988444
21976.830459770164
18772.706896551652
15908.583333333256
13624.45977011486
11520.336206896463
9608.212643678184
8116.089080459671
7182.965517241391
6113.841954022995
5515.718390804599
4879.594827586203
4626.471264367807
4456.347701149411
4404.224137931014
4402.100574712618
4299.977011494222
4389.853448275826
4116.72988505743
4411.606321839034
4284.4827586206375
4092.3591954022413
3908.235632183845
3463.112068965449
3108.9885057471693
2664.864942528773
2207.741379310377
1579.6178160919808
1099.4942528735846
808.3706896551885
243.2471264367923
0.0
521.654450261849
1359.308900523698
2101.9633507854305
3215.617801047163
4665.272251308896
6115.926701570745
7870.581151832477
9600.235602094326
11447.890052356059
13257.544502617908
14875.19895287964
16286.853403141373
17551.50785340322
18665.162303664954
19775.816753926803
20649.471204188536
21418.12565445027
21921.780104712
22344.43455497385
22706.089005235583
23004.74345549743
23008.39790575928
23027.052356021013
23017.706806282746
22755.36125654448
22119.015706806327
22128.67015706806
22272.32460732991
22045.97905759164
22268.63350785349
22299.287958115106
22952.942408376955
23404.596858638804
24174.251308900537
32604.905759162386
32691.56020942412
32778.21465968597
37288.869109947584
37375.52356020943
37462.178010471165
35926.832460733014
36013.48691099486
36104.141361256596
36553.79581151856
37471.45026178006
38398.10471204191
39429.75916230364
40711.41361256561
41902.068062827224
43006.72251308907
44636.37696335092
46319.031413612654
47886.68586387439
49646.34031413612
51260.994764398085
53010.64921465982
55187.30366492155
57391.95811518328
59385.612565445015
61490.26701570675
63620.92146596871
65665.57591623045
67553.23036649218
69258.88481675414
70890.53926701564
72274.19371727761
73538.84816753934
74574.50261780107
75495.15706806292
76451.81151832477
77344.4659685865
78120.12041884824
79141.77486910997
79909.4293193717
80755.08376963367
81483.7382198954
82220.39267015713
83282.04712041898
83816.70157068071
84273.35602094233
84765.0104712043
85450.66492146603
86344.31937172776
86810.9738219895
87424.62827225146
87971.28272251319
88762.93717277492
89770.59162303677
90550.2460732985
91222.90052356035
92031.55497382209
92981.20942408382
93841.86387434555
94622.51832460728
95503.17277486925
96417.82722513098
97290.48167539272
98451.13612565445
99341.7905759163
100358.44502617791
101316.09947643988
102247.75392670161
103366.40837696346
104039.06282722519
104915.71727748704
105733.37172774877
106412.0261780105
107137.68062827224
107968.33507853397
108812.98952879594
109729.64397905767
110875.2984293194
111809.95287958125
112793.6073298431
113874.26178010483
114847.91623036657
115905.5706806283
116881.22513089003
118025.87958115188
118988.53403141373
120069.18848167546
121220.8429319372
122406.49738219904
123527.15183246089
124761.80628272262
126000.46073298436
127333.11518324609
128781.76963350782
130292.42408376967
131643.07853403152
133060.73298429325
134599.38743455498
136192.04188481683
137504.69633507868
139120.35078534042
140601.00523560215
142225.65968586388
143845.31413612585
145251.96858638746
146132.6230366493
146870.27748691104
146859.93193717278
146045.58638743463
144348.24083769636
141777.8952879582
138781.54973821994
134564.2041884819
129372.85863874352
123372.51308900537
116608.1675392671
109064.82198952883
101169.47643979057
92455.13089005242
83874.78534031415
75646.439790576
66817.09424083785
58519.74869109946
50890.40314136143
43304.057591623045
36355.71204188489
29903.366492146626
24223.02094240836
18969.675392670208
14361.32984293194
10361.98429319379
7197.638743455522
4508.293193717487
2215.9476439791033
577.6020942409523
-550.7434554973152
-1152.0890052355826
-1473.43455497385
-1327.780104712001
-978.1256544501521
-716.4712041884195
-276.8167539265705
-53.16230366495438
328.492146597011
142.14659685862716
610.8010471205926
886.4554973822087
673.1099476439413
666.7643979059067
712.4188481675228
541.0732984294882
397.72774869110435
354.38219895295333
329.0366492146859
47.69109947653487
0.0
-86.01818181818817
-269.03636363637634
-312.0545454545645
6.927272727247328
218.90909090905916
864.890909090871
1688.8727272726828
2357.8545454544947
3220.8363636363065
3724.8181818181183
4359.799999999814
4707.781818181742
5046.763636363554
4579.745454545366
4748.727272727294
4743.709090908989
4438.690909090918
3658.6727272727294
3103.654545454541
2308.6363636362366
1585.6181818181649
576.5999999999767
-221.41818181821145
-958.436363636516
-1747.4545454545878
-2318.472727272776
-3008.490909090964
-3453.5090909091523
-4034.5272727273405
-4451.545454545529
-4794.563636363717
-5013.581818181789
-5342.600000000093
-5393.618181818281
-5696.6363636364695
-5752.654545454541
-6021.672727272729
-6221.690909090918
-6540.709090908989
-7772.727272727294
-8031.7454545455985
-8144.76363636367
-8403.781818181858
-8662.800000000047
-7703.818181818235
-7962.836363636423
-8331.854545454611
-8101.872727272799
-7541.890909090987
-6619.909090909059
-5432.927272727247
-4266.945454545552
-2905.96363636374
0.0
2372.169014084502
4703.338028169004
6823.507042253623
9239.676056338125
11735.845070422627
14112.01408450713
16172.183098591631
17769.352112676133
19811.521126760636
21562.690140845138
23285.85915492964
24776.028169014025
26390.197183098528
28021.36619718303
29588.53521126765
31449.70422535215
33103.87323943665
34820.042253521155
36585.21126760566
38539.38028169004
40451.54929577466
42493.71830985916
44691.887323943665
46942.05633802817
49222.22535211267
51640.39436619729
54002.563380281674
56183.73239436629
58275.901408450794
60654.0704225353
62611.2394366198
64673.4084507043
66586.57746478869
68516.7464788733
70533.9154929578
72383.0845070422
74085.2535211267
75582.42253521131
76896.59154929582
78331.76056338032
79510.92957746482
80653.09859154932
81935.26760563382
82836.43661971833
83650.60563380283
84930.77464788733
85847.94366197183
86952.11267605633
88094.28169014084
89388.45070422534
90721.61971830996
91944.78873239446
93572.95774647896
95216.12676056346
96956.29577464785
98841.46478873235
101121.63380281697
103284.80281690147
105435.97183098597
107913.14084507036
110753.30985915486
112871.47887323936
115073.64788732398
117046.81690140849
119165.98591549299
121355.15492957749
123147.32394366199
125045.4929577465
126713.661971831
128208.8309859155
129513.0
130875.1690140845
132228.338028169
133572.5070422534
134893.676056338
136152.84507042263
137542.01408450725
139096.18309859163
140719.35211267602
142437.52112676064
144097.69014084502
146029.85915492964
147694.02816901403
149232.19718309864
150753.36619718303
152355.53521126765
153571.70422535203
153638.87323943665
153257.04225352127
152017.21126760566
149855.38028169028
146596.54929577466
142319.71830985928
136959.88732394367
130386.05633802805
122832.22535211267
114453.39436619729
105505.56338028167
96236.73239436629
86787.90140845068
77362.0704225353
68142.23943661992
58983.4084507043
50497.57746478869
42454.746478873305
35131.91549295769
28442.08450704231
22729.253521126695
17268.422535211314
12788.5915492957
8734.760563380318
5547.9295774647035
2974.098591549322
627.2676056339405
-1276.5633802816737
-2687.394366197055
-3715.2253521126695
-3997.056338028051
-4335.887323943665
-4286.7183098592795
-4173.549295774661
-3767.3802816902753
-3212.2112676056568
-2513.042253521038
-1739.8732394364197
-1070.704225352034
-505.53521126764826
55.633802816970274
620.802816901356
858.9718309859745
1204.1408450703602
1345.3098591549788
1182.4788732393645
1125.647887323983
774.8169014083687
325.98591549298726
-458.8450704223942
-437.6760563380085
-518.50704225339
-591.3380281690042
0.0
619.3999999999069
1543.8000000000466
2729.1999999999534
4408.600000000093
6240.0
8356.399999999907
10552.800000000047
12749.199999999953
15216.600000000093
17523.0
19715.399999999907
21834.800000000047
24173.200000000186
26294.600000000093
28122.0
29989.399999999907
31333.800000000047
32451.200000000186
33405.60000000009
33924.0
34305.39999999991
34765.80000000005
34865.19999999995
35155.60000000009
35195.0
35260.39999999991
35200.80000000005
35357.19999999995
35330.60000000009
35431.0
35560.39999999991
35731.799999999814
35954.19999999995
36217.60000000009
36489.00000000023
40442.39999999991
41556.80000000005
41972.200000000186
43293.60000000009
43709.0
44124.40000000014
46234.80000000005
46650.200000000186
41525.60000000009
47117.0
50353.39999999991
52516.80000000005
54397.19999999995
55815.60000000009
57489.0
59051.39999999991
60707.80000000005
62267.19999999995
63717.60000000009
65435.0
66810.40000000014
68457.80000000005
69793.19999999995
71396.6000000001
72991.0
74542.3999999999
76070.80000000005
77385.20000000019
78723.6000000001
80113.0
81381.3999999999
82387.80000000005
83504.20000000019
84547.6000000001
85995.0
87653.3999999999
88924.80000000005
90138.19999999995
91534.6000000001
92909.0
94665.3999999999
96346.80000000005
97930.19999999995
99748.6000000001
101586.0
103334.40000000014
105189.80000000005
106980.19999999995
108363.6000000001
109735.0
110929.3999999999
112184.80000000005
113365.20000000019
114328.6000000001
115303.0
116126.3999999999
116957.80000000005
117797.20000000019
118494.6000000001
119227.0
120484.3999999999
121856.80000000005
122890.19999999995
124129.6000000001
125265.0
126461.3999999999
127801.80000000005
129088.19999999995
130454.6000000001
131728.0
133451.3999999999
134858.80000000005
136177.19999999995
137806.6000000001
139340.0
140549.3999999999
141757.80000000005
142860.2000000002
143747.6000000001
144651.0
145315.3999999999
146237.80000000005
147061.19999999995
147931.6000000001
148644.0
149053.3999999999
150168.80000000005
151541.19999999995
152316.6000000001
153667.0
154979.3999999999
156475.80000000005
157829.19999999995
159396.6000000001
160972.0
162636.3999999999
164363.80000000005
166143.19999999995
167877.6000000001
169822.0
171776.3999999999
173280.80000000005
175175.2000000002
177008.6000000001
178782.0
180371.3999999999
182339.80000000005
184348.19999999995
186018.6000000001
187643.0
188927.3999999999
189645.80000000005
189720.19999999995
189013.6000000001
187300.0
184289.3999999999
180061.80000000005
174655.19999999995
168024.6000000001
160499.0
152030.3999999999
142849.80000000005
133080.19999999995
122565.6000000001
112406.0
102149.3999999999
92605.80000000005
83461.20000000019
74821.6000000001
67180.00000000023
60278.40000000014
53991.80000000005
48569.19999999995
43671.60000000009
39343.0
35787.39999999991
32825.80000000005
30048.199999999953
27937.600000000093
26600.0
25189.399999999907
24377.800000000047
23806.199999999953
23312.600000000093
23084.0
22888.399999999907
22958.800000000047
22952.199999999953
22632.600000000093
22004.0
21350.399999999907
20238.800000000047
19034.199999999953
17519.600000000093
15590.0
13497.399999999907
11321.800000000047
9218.199999999953
7207.600000000093
5224.0
3372.399999999907
2043.8000000000466
981.1999999999534
